,name,link,BaseStrength,BaseAgility,BaseInteligence,GainStrength,GainAgility,GainInteligence,attack_time,attack_range,projectile_speed,armor,magic_resist,movement_speed,turn_rate,vision,Carry,Support,Nuker,Disabler,Jungler,Durable,Escape,Pusher,Initiator,Attack_type,damage_start,damage_end
0,abaddon,https://www.dota2.com/hero/abaddon,22.0,23.0,18.0,2.6,1.5,2.0,1.7,150.0,900.0,2.8,0.25,325.0,0.6,2.25,33.3,66.6,0.0,0.0,0.0,66.6,0.0,0.0,0.0,0,50,60
1,alchemist,https://www.dota2.com/hero/alchemist,23.0,22.0,25.0,2.7,1.5,1.8,1.7,150.0,900.0,2.7,0.25,305.0,0.6,2.25,66.6,33.3,33.3,33.3,0.0,66.6,0.0,0.0,33.3,0,50,56
2,ancientapparition,https://www.dota2.com/hero/ancientapparition,20.0,20.0,23.0,1.9,2.2,3.4,1.7,675.0,1250.0,2.3,0.25,285.0,0.6,2.25,0.0,66.6,33.3,33.3,0.0,0.0,0.0,0.0,0.0,1,44,54
3,anti-mage,https://www.dota2.com/hero/anti-mage,21.0,24.0,12.0,1.6,2.8,1.8,1.4,150.0,0.0,4.0,0.25,310.0,0.6,2.25,99.9,0.0,33.3,0.0,0.0,0.0,99.9,0.0,0.0,0,53,57
4,arcwarden,https://www.dota2.com/hero/arcwarden,22.0,20.0,24.0,2.6,3.0,2.6,1.7,625.0,900.0,2.3,0.25,285.0,0.7,2.25,99.9,0.0,33.3,0.0,0.0,0.0,99.9,0.0,0.0,1,51,57
5,axe,https://www.dota2.com/hero/axe,25.0,20.0,18.0,2.8,2.0,1.6,1.7,150.0,900.0,2.3,0.25,310.0,0.6,2.25,33.3,0.0,0.0,66.6,66.6,99.9,0.0,0.0,99.9,0,55,59
6,bane,https://www.dota2.com/hero/bane,22.0,22.0,22.0,2.5,2.5,2.5,1.7,400.0,900.0,4.7,0.25,305.0,0.6,1.5,0.0,66.6,33.3,99.9,0.0,33.3,0.0,0.0,0.0,1,55,61
7,batrider,https://www.dota2.com/hero/batrider,28.0,15.0,22.0,2.9,1.8,2.9,1.7,400.0,900.0,4.5,0.25,310.0,0.9,2.0,0.0,0.0,0.0,66.6,66.6,0.0,33.3,0.0,99.9,1,39,43
8,beastmaster,https://www.dota2.com/hero/beastmaster,23.0,18.0,16.0,2.9,1.6,1.9,1.7,150.0,0.0,3.0,0.25,305.0,0.6,2.25,0.0,0.0,33.3,66.6,0.0,66.6,0.0,0.0,66.6,0,54,58
9,bloodseeker,https://www.dota2.com/hero/bloodseeker,24.0,22.0,17.0,2.7,3.1,2.0,1.7,150.0,900.0,5.7,0.25,300.0,0.6,2.25,33.3,0.0,33.3,33.3,33.3,0.0,0.0,0.0,33.3,0,57,63
10,bountyhunter,https://www.dota2.com/hero/bountyhunter,20.0,21.0,22.0,2.5,2.6,1.9,1.7,150.0,900.0,8.5,0.25,325.0,0.6,1.8,0.0,0.0,33.3,0.0,0.0,0.0,66.6,0.0,0.0,0,54,62
11,brewmaster,https://www.dota2.com/hero/brewmaster,23.0,19.0,15.0,3.7,2.0,1.6,1.7,150.0,900.0,2.2,0.25,310.0,0.6,2.25,33.3,0.0,33.3,66.6,0.0,66.6,0.0,0.0,99.9,0,52,59
12,bristleback,https://www.dota2.com/hero/bristleback,22.0,17.0,14.0,2.5,1.8,2.8,1.8,150.0,900.0,3.8,0.25,295.0,0.9,2.25,66.6,0.0,33.3,0.0,0.0,99.9,0.0,0.0,33.3,0,52,58
13,broodmother,https://www.dota2.com/hero/broodmother,18.0,19.0,18.0,3.2,3.4,2.0,1.7,150.0,900.0,3.2,0.25,285.0,0.6,2.25,33.3,0.0,33.3,0.0,0.0,0.0,99.9,99.9,0.0,0,48,54
14,centaurwarrunner,https://www.dota2.com/hero/centaurwarrunner,27.0,15.0,15.0,4.0,1.0,1.6,1.7,150.0,900.0,0.5,0.25,300.0,0.6,2.25,0.0,0.0,33.3,33.3,0.0,99.9,33.3,0.0,99.9,0,63,65
15,chaosknight,https://www.dota2.com/hero/chaosknight,22.0,18.0,18.0,3.2,1.4,1.2,1.7,150.0,900.0,5.0,0.25,325.0,0.6,2.25,99.9,0.0,0.0,66.6,0.0,66.6,0.0,66.6,33.3,0,51,81
16,chen,https://www.dota2.com/hero/chen,25.0,15.0,19.0,2.0,2.1,3.2,1.7,650.0,1100.0,1.5,0.25,305.0,0.6,2.25,0.0,66.6,0.0,0.0,99.9,0.0,0.0,66.6,0.0,1,46,56
17,clinkz,https://www.dota2.com/hero/clinkz,16.0,22.0,18.0,2.0,2.5,2.2,1.7,600.0,900.0,3.7,0.25,290.0,0.6,2.25,66.6,0.0,0.0,0.0,0.0,0.0,99.9,33.3,0.0,1,37,43
18,clockwerk,https://www.dota2.com/hero/clockwerk,26.0,13.0,18.0,3.5,2.3,1.5,1.7,150.0,900.0,3.2,0.25,310.0,0.6,2.25,0.0,0.0,33.3,66.6,0.0,33.3,0.0,0.0,99.9,0,50,52
19,crystalmaiden,https://www.dota2.com/hero/crystalmaiden,17.0,16.0,16.0,2.2,1.6,3.3,1.7,600.0,900.0,1.7,0.25,280.0,0.6,2.25,0.0,99.9,66.6,66.6,33.3,0.0,0.0,0.0,0.0,1,44,50
20,darkseer,https://www.dota2.com/hero/darkseer,22.0,19.0,21.0,2.6,1.8,2.7,1.7,150.0,900.0,5.2,0.25,295.0,0.6,2.25,0.0,0.0,0.0,33.3,33.3,0.0,33.3,0.0,33.3,0,54,60
21,darkwillow,https://www.dota2.com/hero/darkwillow,20.0,18.0,21.0,2.0,1.6,3.5,1.5,475.0,1200.0,2.0,0.25,290.0,0.7,2.25,0.0,66.6,66.6,33.3,0.0,0.0,66.6,0.0,0.0,1,48,56
22,dawnbreaker,https://www.dota2.com/hero/dawnbreaker,27.0,14.0,20.0,3.4,1.7,2.2,1.7,150.0,900.0,3.3,0.25,310.0,0.6,2.25,33.3,0.0,0.0,0.0,0.0,66.6,0.0,0.0,0.0,0,56,60
23,dazzle,https://www.dota2.com/hero/dazzle,18.0,20.0,25.0,2.3,1.7,3.7,1.7,575.0,1200.0,3.3,0.25,305.0,0.7,2.25,0.0,99.9,33.3,33.3,0.0,0.0,0.0,0.0,0.0,1,47,53
24,deathprophet,https://www.dota2.com/hero/deathprophet,21.0,16.0,24.0,3.1,2.0,3.3,1.7,600.0,1000.0,3.7,0.25,285.0,0.8,2.25,33.3,0.0,33.3,33.3,0.0,0.0,0.0,99.9,0.0,1,47,57
25,disruptor,https://www.dota2.com/hero/disruptor,21.0,15.0,20.0,2.4,1.4,2.9,1.7,625.0,1200.0,2.5,0.25,295.0,0.6,2.25,0.0,66.6,33.3,66.6,0.0,0.0,0.0,0.0,33.3,1,49,53
26,doom,https://www.dota2.com/hero/doom,24.0,15.0,15.0,3.7,1.5,1.7,1.9,200.0,900.0,5.5,0.25,285.0,0.6,2.25,33.3,0.0,33.3,66.6,0.0,66.6,0.0,0.0,66.6,0,58,68
27,dragonknight,https://www.dota2.com/hero/dragonknight,21.0,16.0,18.0,3.4,2.0,1.7,1.7,150.0,900.0,2.7,0.25,310.0,0.6,2.25,66.6,0.0,33.3,66.6,0.0,66.6,0.0,99.9,33.3,0,53,59
28,drowranger,https://www.dota2.com/hero/drowranger,16.0,20.0,15.0,1.9,2.9,1.4,1.7,625.0,1250.0,3.3,0.25,300.0,0.7,2.25,66.6,0.0,0.0,33.3,0.0,0.0,0.0,33.3,0.0,1,49,56
29,earthspirit,https://www.dota2.com/hero/earthspirit,22.0,17.0,20.0,3.8,2.4,2.1,1.7,150.0,900.0,2.8,0.25,290.0,0.6,2.25,0.0,0.0,66.6,33.3,0.0,33.3,66.6,0.0,33.3,0,47,57
30,earthshaker,https://www.dota2.com/hero/earthshaker,22.0,12.0,18.0,3.7,1.4,2.1,1.7,150.0,0.0,4.0,0.25,315.0,0.9,2.25,0.0,33.3,33.3,66.6,0.0,0.0,0.0,0.0,99.9,0,49,59
31,eldertitan,https://www.dota2.com/hero/eldertitan,26.0,16.0,23.0,3.0,1.8,1.6,1.7,150.0,900.0,2.7,0.25,310.0,0.6,2.25,0.0,0.0,33.3,33.3,0.0,33.3,0.0,0.0,66.6,0,49,59
32,emberspirit,https://www.dota2.com/hero/emberspirit,22.0,22.0,20.0,2.6,3.2,2.2,1.7,150.0,900.0,2.7,0.25,300.0,0.8,2.25,66.6,0.0,33.3,33.3,0.0,0.0,99.9,0.0,33.3,0,55,59
33,enchantress,https://www.dota2.com/hero/enchantress,17.0,19.0,22.0,1.7,2.1,3.8,1.7,575.0,900.0,4.2,0.25,320.0,0.6,2.25,0.0,66.6,0.0,33.3,99.9,33.3,0.0,66.6,0.0,1,45,55
34,enigma,https://www.dota2.com/hero/enigma,21.0,14.0,19.0,2.5,1.0,3.6,1.7,500.0,900.0,3.3,0.25,290.0,0.6,2.25,0.0,0.0,0.0,66.6,99.9,0.0,0.0,66.6,66.6,1,43,49
35,facelessvoid,https://www.dota2.com/hero/facelessvoid,20.0,19.0,15.0,2.4,3.0,1.5,1.7,150.0,900.0,4.2,0.25,300.0,0.9,2.25,66.6,0.0,0.0,66.6,0.0,33.3,33.3,0.0,99.9,0,56,62
36,grimstroke,https://www.dota2.com/hero/grimstroke,21.0,18.0,25.0,2.4,1.9,3.8,1.7,600.0,900.0,3.0,0.25,290.0,0.6,2.25,0.0,66.6,66.6,66.6,0.0,0.0,33.3,0.0,0.0,1,46,50
37,gyrocopter,https://www.dota2.com/hero/gyrocopter,22.0,26.0,21.0,2.5,3.3,2.4,1.7,365.0,3000.0,6.3,0.25,315.0,0.6,2.25,99.9,0.0,33.3,33.3,0.0,0.0,0.0,0.0,0.0,1,42,48
38,hoodwink,https://www.dota2.com/hero/hoodwink,17.0,24.0,21.0,2.0,3.6,2.9,2.0,575.0,1800.0,4.0,0.25,310.0,0.9,2.25,0.0,66.6,66.6,33.3,0.0,0.0,66.6,0.0,0.0,1,46,53
39,huskar,https://www.dota2.com/hero/huskar,20.0,10.0,18.0,3.3,1.5,1.5,1.6,400.0,1400.0,1.7,0.25,295.0,0.6,2.25,66.6,0.0,0.0,0.0,0.0,66.6,0.0,0.0,33.3,1,41,46
40,invoker,https://www.dota2.com/hero/invoker,18.0,14.0,15.0,2.4,1.9,4.6,1.7,600.0,900.0,2.3,0.25,285.0,0.6,2.25,33.3,0.0,99.9,66.6,0.0,0.0,33.3,33.3,0.0,1,44,50
41,io,https://www.dota2.com/hero/io,17.0,14.0,23.0,3.0,1.6,1.7,1.7,500.0,1200.0,3.3,0.25,320.0,0.7,2.25,0.0,99.9,33.3,0.0,0.0,0.0,66.6,0.0,0.0,1,45,51
42,jakiro,https://www.dota2.com/hero/jakiro,25.0,15.0,26.0,2.5,1.2,3.0,1.7,400.0,1100.0,3.5,0.25,290.0,0.6,2.25,0.0,33.3,66.6,33.3,0.0,0.0,0.0,66.6,0.0,1,53,61
43,juggernaut,https://www.dota2.com/hero/juggernaut,20.0,34.0,14.0,2.2,2.8,1.4,1.4,150.0,0.0,5.7,0.25,300.0,0.6,2.25,66.6,0.0,0.0,0.0,0.0,0.0,33.3,33.3,0.0,0,50,54
44,keeperofthelight,https://www.dota2.com/hero/keeperofthelight,18.0,15.0,23.0,2.3,1.6,3.2,1.7,600.0,900.0,2.5,0.25,320.0,0.6,2.25,0.0,99.9,66.6,33.3,33.3,0.0,0.0,0.0,0.0,1,41,48
45,kunkka,https://www.dota2.com/hero/kunkka,24.0,14.0,18.0,3.8,1.6,1.8,1.7,150.0,900.0,4.3,0.25,315.0,0.6,2.25,66.6,33.3,33.3,66.6,0.0,33.3,0.0,0.0,66.6,0,50,60
46,legioncommander,https://www.dota2.com/hero/legioncommander,25.0,18.0,20.0,3.3,1.7,2.2,1.7,150.0,900.0,3.0,0.25,330.0,0.6,2.25,33.3,0.0,33.3,66.6,0.0,33.3,0.0,0.0,33.3,0,60,64
47,leshrac,https://www.dota2.com/hero/leshrac,20.0,23.0,22.0,2.8,2.8,3.5,1.7,575.0,900.0,3.8,0.25,325.0,0.6,2.25,33.3,33.3,99.9,33.3,0.0,0.0,0.0,99.9,0.0,1,49,53
48,lich,https://www.dota2.com/hero/lich,20.0,17.0,24.0,2.1,2.0,3.6,1.7,550.0,900.0,1.8,0.25,295.0,0.7,2.25,0.0,99.9,66.6,0.0,0.0,0.0,0.0,0.0,0.0,1,48,57
49,lifestealer,https://www.dota2.com/hero/lifestealer,25.0,19.0,15.0,2.4,2.6,1.8,1.7,150.0,900.0,4.2,0.25,320.0,0.9,2.25,66.6,0.0,0.0,33.3,33.3,66.6,33.3,0.0,0.0,0,47,53
50,lina,https://www.dota2.com/hero/lina,20.0,23.0,30.0,2.4,2.4,3.8,1.6,670.0,1000.0,2.8,0.25,290.0,0.6,2.25,33.3,33.3,99.9,33.3,0.0,0.0,0.0,0.0,0.0,1,51,59
51,lion,https://www.dota2.com/hero/lion,18.0,18.0,18.0,2.2,1.5,3.5,1.7,600.0,900.0,2.0,0.25,290.0,0.6,2.25,0.0,66.6,99.9,99.9,0.0,0.0,0.0,0.0,66.6,1,47,53
52,lonedruid,https://www.dota2.com/hero/lonedruid,18.0,20.0,13.0,2.5,2.8,1.4,1.6,550.0,900.0,1.3,0.25,325.0,0.6,2.25,66.6,0.0,0.0,0.0,33.3,33.3,0.0,99.9,0.0,1,38,42
53,luna,https://www.dota2.com/hero/luna,21.0,24.0,23.0,2.2,3.4,1.9,1.7,330.0,900.0,6.0,0.25,325.0,0.6,2.25,66.6,0.0,66.6,0.0,0.0,0.0,0.0,33.3,0.0,1,50,56
54,lycan,https://www.dota2.com/hero/lycan,26.0,16.0,23.0,3.4,1.7,1.7,1.7,150.0,900.0,2.7,0.25,305.0,0.6,2.25,66.6,0.0,0.0,0.0,33.3,33.3,33.3,99.9,0.0,0,50,55
55,magnus,https://www.dota2.com/hero/magnus,25.0,15.0,19.0,3.5,2.5,2.1,1.8,150.0,900.0,3.5,0.25,305.0,0.8,2.25,0.0,0.0,33.3,66.6,0.0,0.0,33.3,0.0,99.9,0,57,65
56,marci,https://www.dota2.com/hero/marci,23.0,20.0,19.0,3.6,2.4,1.9,1.7,150.0,0.0,3.3,0.25,315.0,0.9,2.25,33.3,33.3,0.0,33.3,0.0,0.0,33.3,0.0,66.6,0,56,60
57,mars,https://www.dota2.com/hero/mars,23.0,20.0,21.0,3.7,1.7,2.2,1.8,250.0,900.0,2.3,0.25,310.0,0.8,2.25,33.3,0.0,0.0,66.6,0.0,99.9,0.0,0.0,66.6,0,49,57
58,medusa,https://www.dota2.com/hero/medusa,17.0,22.0,23.0,1.5,3.4,3.4,1.7,600.0,1200.0,2.7,0.25,275.0,0.6,2.25,99.9,0.0,0.0,33.3,0.0,33.3,0.0,0.0,0.0,1,48,54
59,meepo,https://www.dota2.com/hero/meepo,24.0,17.0,20.0,2.5,2.2,1.9,1.7,150.0,900.0,6.8,0.25,330.0,0.7,2.25,66.6,0.0,66.6,33.3,0.0,0.0,66.6,33.3,33.3,0,46,52
60,mirana,https://www.dota2.com/hero/mirana,18.0,24.0,22.0,2.2,3.1,1.9,1.7,630.0,900.0,2.0,0.25,290.0,0.6,2.25,33.3,33.3,33.3,33.3,0.0,0.0,66.6,0.0,0.0,1,48,54
61,monkeyking,https://www.dota2.com/hero/monkeyking,18.0,22.0,20.0,2.8,3.7,1.8,1.7,300.0,900.0,5.7,0.25,300.0,0.6,2.25,66.6,0.0,0.0,33.3,0.0,0.0,66.6,0.0,33.3,0,51,55
62,morphling,https://www.dota2.com/hero/morphling,22.0,24.0,19.0,3.0,3.9,1.8,1.5,350.0,1300.0,2.0,0.25,285.0,0.7,2.25,99.9,0.0,33.3,33.3,0.0,66.6,99.9,0.0,0.0,1,33,42
63,nagasiren,https://www.dota2.com/hero/nagasiren,21.0,21.0,21.0,2.8,3.3,2.0,1.7,150.0,900.0,6.5,0.25,330.0,0.6,2.25,99.9,33.3,0.0,66.6,0.0,0.0,33.3,66.6,33.3,0,44,46
64,nature'sprophet,https://www.dota2.com/hero/nature'sprophet,21.0,22.0,23.0,2.6,3.6,3.7,1.5,600.0,1125.0,3.7,0.25,295.0,0.9,2.25,33.3,0.0,33.3,0.0,99.9,0.0,33.3,99.9,0.0,1,50,60
65,necrophos,https://www.dota2.com/hero/necrophos,18.0,12.0,21.0,2.3,1.3,2.7,1.7,500.0,1200.0,3.0,0.25,280.0,0.6,2.25,33.3,0.0,66.6,33.3,0.0,33.3,0.0,0.0,0.0,1,47,51
66,nightstalker,https://www.dota2.com/hero/nightstalker,23.0,18.0,15.0,3.0,2.2,1.6,1.7,150.0,900.0,5.0,0.25,295.0,0.6,0.4444444444444444,33.3,0.0,33.3,66.6,0.0,66.6,0.0,0.0,66.6,0,63,67
67,nyxassassin,https://www.dota2.com/hero/nyxassassin,17.0,18.0,21.0,2.5,2.5,2.1,1.7,150.0,900.0,4.0,0.25,310.0,0.6,2.25,0.0,0.0,66.6,66.6,0.0,0.0,33.3,0.0,66.6,0,45,49
68,ogremagi,https://www.dota2.com/hero/ogremagi,23.0,14.0,15.0,3.3,1.5,2.5,1.7,150.0,900.0,6.3,0.25,290.0,0.6,2.25,0.0,66.6,66.6,66.6,0.0,33.3,0.0,0.0,33.3,0,69,75
69,omniknight,https://www.dota2.com/hero/omniknight,23.0,15.0,16.0,3.1,2.0,2.1,1.7,150.0,900.0,4.5,0.25,315.0,0.6,2.25,0.0,66.6,33.3,0.0,0.0,33.3,0.0,0.0,0.0,0,54,64
70,oracle,https://www.dota2.com/hero/oracle,20.0,15.0,26.0,2.4,1.7,3.8,1.7,620.0,900.0,3.5,0.25,295.0,0.7,2.25,0.0,99.9,99.9,66.6,0.0,0.0,33.3,0.0,0.0,1,39,45
71,outworlddestroyer,https://www.dota2.com/hero/outworlddestroyer,21.0,22.0,30.0,2.9,1.6,4.2,1.9,450.0,900.0,5.7,0.25,320.0,0.6,2.25,66.6,0.0,66.6,33.3,0.0,0.0,0.0,0.0,0.0,1,49,61
72,pangolier,https://www.dota2.com/hero/pangolier,17.0,18.0,16.0,2.5,3.2,1.9,1.7,150.0,900.0,4.0,0.25,300.0,0.9,2.25,66.6,0.0,66.6,33.3,0.0,33.3,66.6,0.0,66.6,0,51,57
73,phantomassassin,https://www.dota2.com/hero/phantomassassin,19.0,23.0,15.0,2.0,3.2,1.4,1.7,150.0,900.0,4.8,0.25,305.0,0.8,2.25,99.9,0.0,0.0,0.0,0.0,0.0,33.3,0.0,0.0,0,54,56
74,phantomlancer,https://www.dota2.com/hero/phantomlancer,19.0,26.0,21.0,2.2,3.2,2.0,1.7,150.0,900.0,3.3,0.25,290.0,0.6,2.25,66.6,0.0,33.3,0.0,0.0,0.0,66.6,33.3,0.0,0,52,62
75,phoenix,https://www.dota2.com/hero/phoenix,23.0,12.0,16.0,3.6,1.5,1.8,1.7,525.0,1100.0,1.0,0.25,280.0,0.9,2.25,0.0,66.6,99.9,33.3,0.0,0.0,66.6,0.0,66.6,1,49,59
76,primalbeast,https://www.dota2.com/hero/primalbeast,26.0,15.0,16.0,4.3,1.0,1.4,1.8,150.0,900.0,4.5,0.25,310.0,0.6,2.25,0.0,0.0,0.0,66.6,0.0,99.9,0.0,0.0,99.9,0,62,64
77,puck,https://www.dota2.com/hero/puck,17.0,22.0,23.0,2.4,2.5,3.5,1.7,550.0,900.0,0.7,0.25,290.0,0.9,2.25,0.0,0.0,66.6,99.9,0.0,0.0,99.9,0.0,99.9,1,45,53
78,pudge,https://www.dota2.com/hero/pudge,25.0,14.0,16.0,3.0,1.4,1.8,1.7,175.0,0.0,1.3,0.25,280.0,0.7,2.25,0.0,0.0,33.3,66.6,0.0,66.6,0.0,0.0,66.6,0,70,76
79,pugna,https://www.dota2.com/hero/pugna,19.0,24.0,24.0,2.0,1.3,5.2,1.7,630.0,900.0,4.0,0.25,330.0,0.6,2.25,0.0,0.0,66.6,0.0,0.0,0.0,0.0,66.6,0.0,1,45,52
80,queenofpain,https://www.dota2.com/hero/queenofpain,18.0,22.0,25.0,2.4,2.5,3.4,1.5,550.0,1500.0,3.7,0.25,290.0,0.6,2.25,33.3,0.0,99.9,0.0,0.0,0.0,99.9,0.0,0.0,1,49,55
81,razor,https://www.dota2.com/hero/razor,22.0,22.0,21.0,2.8,2.6,2.2,1.7,475.0,2000.0,2.7,0.25,280.0,0.6,2.25,66.6,0.0,33.3,0.0,0.0,66.6,0.0,33.3,0.0,1,45,47
82,riki,https://www.dota2.com/hero/riki,18.0,18.0,14.0,2.6,1.4,1.3,1.7,150.0,900.0,6.0,0.25,315.0,0.6,2.25,66.6,0.0,0.0,33.3,0.0,0.0,66.6,0.0,0.0,0,59,63
83,rubick,https://www.dota2.com/hero/rubick,21.0,23.0,25.0,2.0,2.5,3.1,1.7,550.0,1125.0,4.8,0.25,290.0,0.7,2.25,0.0,66.6,33.3,33.3,0.0,0.0,0.0,0.0,0.0,1,49,55
84,sandking,https://www.dota2.com/hero/sandking,22.0,19.0,19.0,2.7,1.8,1.8,1.7,150.0,900.0,3.2,0.25,290.0,0.6,2.25,0.0,33.3,66.6,66.6,33.3,0.0,66.6,0.0,99.9,0,45,55
85,shadowdemon,https://www.dota2.com/hero/shadowdemon,23.0,18.0,22.0,2.6,2.2,3.6,1.7,500.0,900.0,3.0,0.25,290.0,0.6,2.25,0.0,66.6,33.3,66.6,0.0,0.0,0.0,0.0,33.3,1,51,55
86,shadowfiend,https://www.dota2.com/hero/shadowfiend,19.0,20.0,18.0,2.7,3.5,2.2,1.6,500.0,1200.0,4.3,0.25,305.0,0.9,2.25,66.6,0.0,99.9,0.0,0.0,0.0,0.0,0.0,0.0,1,41,47
87,shadowshaman,https://www.dota2.com/hero/shadowshaman,23.0,16.0,25.0,2.3,1.6,3.5,1.7,400.0,900.0,4.7,0.25,285.0,0.6,2.25,0.0,66.6,66.6,99.9,0.0,0.0,0.0,99.9,33.3,1,65,72
88,silencer,https://www.dota2.com/hero/silencer,19.0,22.0,25.0,2.2,2.4,2.9,1.6,600.0,900.0,3.7,0.25,290.0,0.6,2.25,33.3,33.3,33.3,66.6,0.0,0.0,0.0,0.0,66.6,1,43,57
89,skywrathmage,https://www.dota2.com/hero/skywrathmage,21.0,13.0,25.0,2.0,0.8,4.1,1.7,625.0,1000.0,0.2,0.25,325.0,0.6,2.25,0.0,66.6,99.9,33.3,0.0,0.0,0.0,0.0,0.0,1,41,51
90,slardar,https://www.dota2.com/hero/slardar,21.0,17.0,15.0,3.6,2.4,1.5,1.7,150.0,0.0,5.8,0.25,300.0,0.6,2.25,66.6,0.0,0.0,33.3,0.0,66.6,33.3,0.0,66.6,0,51,59
91,slark,https://www.dota2.com/hero/slark,20.0,21.0,16.0,1.9,1.5,1.7,1.7,150.0,0.0,3.5,0.25,300.0,0.7,1.0,66.6,0.0,33.3,33.3,0.0,0.0,99.9,0.0,0.0,0,55,61
92,snapfire,https://www.dota2.com/hero/snapfire,20.0,16.0,21.0,3.5,1.9,2.2,1.6,500.0,1800.0,3.7,0.25,300.0,0.6,2.25,0.0,33.3,99.9,33.3,0.0,0.0,33.3,0.0,0.0,1,46,52
93,sniper,https://www.dota2.com/hero/sniper,19.0,27.0,15.0,2.0,3.2,2.6,1.7,550.0,3000.0,3.5,0.25,285.0,0.7,1.2857142857142858,99.9,0.0,33.3,0.0,0.0,0.0,0.0,0.0,0.0,1,40,46
94,spectre,https://www.dota2.com/hero/spectre,23.0,25.0,16.0,2.5,2.1,1.7,1.7,150.0,900.0,5.2,0.25,290.0,0.6,2.25,99.9,0.0,0.0,0.0,0.0,33.3,33.3,0.0,0.0,0,48,52
95,spiritbreaker,https://www.dota2.com/hero/spiritbreaker,28.0,17.0,14.0,3.0,1.7,1.8,1.9,150.0,900.0,4.8,0.25,295.0,0.6,2.25,33.3,0.0,0.0,66.6,0.0,66.6,33.3,0.0,66.6,0,59,69
96,stormspirit,https://www.dota2.com/hero/stormspirit,21.0,22.0,23.0,2.0,2.6,3.9,1.7,480.0,1100.0,4.7,0.25,285.0,0.8,2.25,66.6,0.0,66.6,33.3,0.0,0.0,99.9,0.0,33.3,1,47,57
97,sven,https://www.dota2.com/hero/sven,22.0,21.0,16.0,3.2,2.2,1.3,1.9,150.0,0.0,3.5,0.25,325.0,0.6,2.25,66.6,0.0,33.3,66.6,0.0,66.6,0.0,0.0,66.6,0,63,65
98,techies,https://www.dota2.com/hero/techies,19.0,14.0,25.0,2.5,1.3,3.0,1.7,700.0,900.0,5.3,0.25,300.0,0.6,2.25,0.0,0.0,99.9,33.3,0.0,0.0,0.0,0.0,0.0,1,46,48
99,templarassassin,https://www.dota2.com/hero/templarassassin,21.0,23.0,20.0,2.4,3.2,2.0,1.7,160.0,900.0,3.8,0.25,305.0,0.7,2.25,66.6,0.0,0.0,0.0,0.0,0.0,33.3,0.0,0.0,1,53,59
100,terrorblade,https://www.dota2.com/hero/terrorblade,16.0,22.0,19.0,2.0,4.0,1.6,1.5,150.0,900.0,8.7,0.25,315.0,0.8,2.25,99.9,0.0,33.3,0.0,0.0,0.0,0.0,66.6,0.0,0,52,58
101,tidehunter,https://www.dota2.com/hero/tidehunter,27.0,15.0,18.0,3.5,1.5,1.7,1.7,150.0,900.0,2.5,0.25,300.0,0.6,2.25,33.3,0.0,33.3,66.6,0.0,99.9,0.0,0.0,99.9,0,52,58
102,timbersaw,https://www.dota2.com/hero/timbersaw,25.0,16.0,23.0,3.5,1.6,2.7,1.7,150.0,900.0,2.7,0.25,290.0,0.6,2.25,0.0,0.0,99.9,0.0,0.0,66.6,66.6,0.0,0.0,0,52,56
103,tinker,https://www.dota2.com/hero/tinker,19.0,13.0,30.0,2.5,1.2,3.3,1.7,500.0,900.0,4.2,0.25,290.0,0.6,2.25,33.3,0.0,99.9,0.0,0.0,0.0,0.0,66.6,0.0,1,52,58
104,tiny,https://www.dota2.com/hero/tiny,30.0,0.0,17.0,4.0,0.0,2.2,1.7,150.0,900.0,0.0,0.25,285.0,0.6,2.25,99.9,0.0,66.6,33.3,0.0,66.6,0.0,66.6,66.6,0,61,67
105,treantprotector,https://www.dota2.com/hero/treantprotector,25.0,15.0,20.0,3.4,1.8,1.8,1.9,150.0,900.0,1.5,0.25,285.0,0.6,2.25,0.0,99.9,0.0,33.3,0.0,33.3,33.3,0.0,66.6,0,87,95
106,trollwarlord,https://www.dota2.com/hero/trollwarlord,21.0,21.0,13.0,2.5,3.3,1.0,1.7,500.0,1200.0,2.5,0.25,290.0,0.6,2.25,99.9,0.0,0.0,33.3,0.0,33.3,0.0,66.6,0.0,1,48,56
107,tusk,https://www.dota2.com/hero/tusk,23.0,23.0,18.0,3.9,2.1,1.7,1.7,150.0,900.0,4.8,0.25,310.0,0.7,2.25,0.0,0.0,33.3,66.6,0.0,0.0,0.0,0.0,66.6,0,50,54
108,underlord,https://www.dota2.com/hero/underlord,25.0,12.0,17.0,3.0,1.6,2.3,1.7,200.0,900.0,5.0,0.25,290.0,0.6,2.25,0.0,33.3,33.3,33.3,0.0,33.3,66.6,0.0,0.0,0,62,68
109,undying,https://www.dota2.com/hero/undying,22.0,10.0,27.0,2.4,1.2,2.8,1.7,150.0,900.0,2.7,0.25,300.0,0.6,2.25,0.0,66.6,33.3,33.3,0.0,66.6,0.0,0.0,0.0,0,57,65
110,ursa,https://www.dota2.com/hero/ursa,25.0,18.0,16.0,2.6,2.6,1.5,1.7,150.0,900.0,4.0,0.25,310.0,0.6,2.25,66.6,0.0,0.0,33.3,33.3,33.3,0.0,0.0,0.0,0,42,46
111,vengefulspirit,https://www.dota2.com/hero/vengefulspirit,19.0,20.0,19.0,2.6,3.2,1.5,1.7,400.0,1500.0,3.3,0.25,295.0,0.6,2.25,0.0,99.9,33.3,66.6,0.0,0.0,33.3,0.0,66.6,1,46,52
112,venomancer,https://www.dota2.com/hero/venomancer,19.0,24.0,19.0,2.1,2.8,1.8,1.7,450.0,900.0,4.0,0.25,280.0,0.6,2.25,0.0,66.6,33.3,33.3,0.0,0.0,0.0,33.3,33.3,1,46,49
113,viper,https://www.dota2.com/hero/viper,21.0,21.0,17.0,2.4,2.7,2.0,1.7,575.0,1200.0,1.5,0.25,275.0,0.6,2.25,33.3,0.0,0.0,33.3,0.0,66.6,0.0,0.0,33.3,1,48,50
114,visage,https://www.dota2.com/hero/visage,22.0,11.0,22.0,2.8,1.3,2.9,1.7,600.0,1400.0,0.8,0.25,285.0,0.6,2.25,0.0,33.3,66.6,33.3,0.0,33.3,0.0,33.3,0.0,1,45,55
115,voidspirit,https://www.dota2.com/hero/voidspirit,22.0,19.0,24.0,2.6,2.2,3.1,1.7,200.0,900.0,2.2,0.25,295.0,0.7,2.25,66.6,0.0,66.6,33.3,0.0,0.0,99.9,0.0,0.0,0,54,58
116,warlock,https://www.dota2.com/hero/warlock,24.0,10.0,25.0,3.0,1.0,3.1,1.7,600.0,1200.0,2.7,0.25,300.0,0.6,2.25,0.0,33.3,0.0,33.3,0.0,0.0,0.0,0.0,66.6,1,49,59
117,weaver,https://www.dota2.com/hero/weaver,16.0,17.0,20.0,2.0,3.1,2.0,1.8,425.0,900.0,2.8,0.25,275.0,0.6,2.25,66.6,0.0,0.0,0.0,0.0,0.0,99.9,0.0,0.0,1,54,60
118,windranger,https://www.dota2.com/hero/windranger,18.0,17.0,18.0,2.6,1.4,3.6,1.5,600.0,1250.0,1.8,0.25,290.0,0.8,2.25,33.3,33.3,33.3,33.3,0.0,0.0,33.3,0.0,0.0,1,42,54
119,winterwyvern,https://www.dota2.com/hero/winterwyvern,22.0,16.0,26.0,2.5,1.7,3.6,1.7,425.0,700.0,2.7,0.25,285.0,0.6,2.25,0.0,99.9,33.3,66.6,0.0,0.0,0.0,0.0,0.0,1,40,47
120,witchdoctor,https://www.dota2.com/hero/witchdoctor,18.0,13.0,22.0,2.3,1.4,3.3,1.7,550.0,1200.0,2.2,0.25,300.0,0.6,2.25,0.0,99.9,66.6,33.3,0.0,0.0,0.0,0.0,0.0,1,51,61
121,wraithking,https://www.dota2.com/hero/wraithking,22.0,16.0,18.0,3.0,1.7,1.6,1.7,150.0,0.0,1.7,0.25,315.0,0.6,2.25,66.6,33.3,0.0,66.6,0.0,99.9,0.0,0.0,33.3,0,60,62
122,zeus,https://www.dota2.com/hero/zeus,19.0,11.0,22.0,2.1,1.2,3.3,1.7,380.0,1100.0,3.8,0.25,315.0,0.6,2.25,33.3,0.0,99.9,0.0,0.0,0.0,0.0,0.0,0.0,1,55,63
